11001001
11011100
10100011
01000001
11010100
01111001
11100111
11000010
10010011
11010011
00000010
10100000
00001110
10001010
11100101
10000111
11010100
01100000
00111110
10010101
01110101
01111100
10101000
11001011
11100011
00011110
10011111
10011001
10000011
01111101
11101011
00010111
01010100
01110110
10011000
10011111
10011000
11111000
11010001
01000111
11110111
11111000
00101111
11111001
01000001
11011110
00001001
10010100
01110001
10000110
10000000
01101111
10010101
11011100
00101111
01001110
00000000
01001101
00110010
00100011
00110011
11111011
01110001
01000110
11010100
10011110
10001100
00110001
10111001
00110010
11100110
11101110
11110011
11101110
00010110
01001101
00011111
11010010
11011001
01000100
10101000
11100100
01000001
10011100
10101001
00001101
00101101
00100110
01001000
01111010
00101000
10010110
00000111
11110101
00010000